2.000000000000000000e+01 2.000000000000000000e+01 1.000000000000000000e+00 1.000000000000000000e+00 -1.750518845524274170e+01 -1.283713820051134391e+01 2.000000000000000000e+01 2.000000000000000000e+01
2.000000000000000000e+01 6.000000000000000000e+01 1.000000000000000000e+00 1.000000000000000000e+00 -1.750518845524274170e+01 -1.050311307314564679e+01 2.000000000000000000e+01 2.000000000000000000e+01
2.000000000000000000e+01 1.000000000000000000e+02 1.000000000000000000e+00 1.000000000000000000e+00 -1.750518845524274170e+01 -8.169087945779946125e+00 2.000000000000000000e+01 2.000000000000000000e+01
2.000000000000000000e+01 1.400000000000000000e+02 1.000000000000000000e+00 1.000000000000000000e+00 -1.750518845524274170e+01 -5.835062818414248120e+00 2.000000000000000000e+01 2.000000000000000000e+01
2.000000000000000000e+01 1.800000000000000000e+02 1.000000000000000000e+00 1.000000000000000000e+00 -1.750518845524274170e+01 -3.501037691048549672e+00 2.000000000000000000e+01 2.000000000000000000e+01
2.000000000000000000e+01 2.200000000000000000e+02 1.000000000000000000e+00 1.000000000000000000e+00 -1.750518845524274170e+01 -1.167012563682849891e+00 2.000000000000000000e+01 2.000000000000000000e+01
2.000000000000000000e+01 2.600000000000000000e+02 1.000000000000000000e+00 1.000000000000000000e+00 -1.750518845524274170e+01 1.167012563682847670e+00 2.000000000000000000e+01 2.000000000000000000e+01
2.000000000000000000e+01 3.000000000000000000e+02 1.000000000000000000e+00 1.000000000000000000e+00 -1.750518845524274170e+01 3.501037691048547451e+00 2.000000000000000000e+01 2.000000000000000000e+01
2.000000000000000000e+01 3.400000000000000000e+02 1.000000000000000000e+00 1.000000000000000000e+00 -1.750518845524274170e+01 5.835062818414247232e+00 2.000000000000000000e+01 2.000000000000000000e+01
2.000000000000000000e+01 3.800000000000000000e+02 1.000000000000000000e+00 1.000000000000000000e+00 -1.750518845524274170e+01 8.169087945779946125e+00 2.000000000000000000e+01 2.000000000000000000e+01
2.000000000000000000e+01 4.200000000000000000e+02 1.000000000000000000e+00 1.000000000000000000e+00 -1.750518845524274170e+01 1.050311307314564147e+01 2.000000000000000000e+01 2.000000000000000000e+01
2.000000000000000000e+01 4.600000000000000000e+02 1.000000000000000000e+00 1.000000000000000000e+00 -1.750518845524274170e+01 1.283713820051134213e+01 2.000000000000000000e+01 2.000000000000000000e+01
6.000000000000000000e+01 2.000000000000000000e+01 1.000000000000000000e+00 1.000000000000000000e+00 -1.517116332787704280e+01 -1.283713820051134391e+01 2.000000000000000000e+01 2.000000000000000000e+01
6.000000000000000000e+01 6.000000000000000000e+01 1.000000000000000000e+00 1.000000000000000000e+00 -1.517116332787704280e+01 -1.050311307314564679e+01 2.000000000000000000e+01 2.000000000000000000e+01
6.000000000000000000e+01 1.000000000000000000e+02 1.000000000000000000e+00 1.000000000000000000e+00 -1.517116332787704280e+01 -8.169087945779946125e+00 2.000000000000000000e+01 2.000000000000000000e+01
6.000000000000000000e+01 1.400000000000000000e+02 1.000000000000000000e+00 1.000000000000000000e+00 -1.517116332787704280e+01 -5.835062818414248120e+00 2.000000000000000000e+01 2.000000000000000000e+01
6.000000000000000000e+01 1.800000000000000000e+02 1.000000000000000000e+00 1.000000000000000000e+00 -1.517116332787704280e+01 -3.501037691048549672e+00 2.000000000000000000e+01 2.000000000000000000e+01
6.000000000000000000e+01 2.200000000000000000e+02 1.000000000000000000e+00 1.000000000000000000e+00 -1.517116332787704280e+01 -1.167012563682849891e+00 2.000000000000000000e+01 2.000000000000000000e+01
6.000000000000000000e+01 2.600000000000000000e+02 1.000000000000000000e+00 1.000000000000000000e+00 -1.517116332787704280e+01 1.167012563682847670e+00 2.000000000000000000e+01 2.000000000000000000e+01
6.000000000000000000e+01 3.000000000000000000e+02 1.000000000000000000e+00 1.000000000000000000e+00 -1.517116332787704280e+01 3.501037691048547451e+00 2.000000000000000000e+01 2.000000000000000000e+01
6.000000000000000000e+01 3.400000000000000000e+02 1.000000000000000000e+00 1.000000000000000000e+00 -1.517116332787704280e+01 5.835062818414247232e+00 2.000000000000000000e+01 2.000000000000000000e+01
6.000000000000000000e+01 3.800000000000000000e+02 1.000000000000000000e+00 1.000000000000000000e+00 -1.517116332787704280e+01 8.169087945779946125e+00 2.000000000000000000e+01 2.000000000000000000e+01
6.000000000000000000e+01 4.200000000000000000e+02 1.000000000000000000e+00 1.000000000000000000e+00 -1.517116332787704280e+01 1.050311307314564147e+01 2.000000000000000000e+01 2.000000000000000000e+01
6.000000000000000000e+01 4.600000000000000000e+02 1.000000000000000000e+00 1.000000000000000000e+00 -1.517116332787704280e+01 1.283713820051134213e+01 2.000000000000000000e+01 2.000000000000000000e+01
1.000000000000000000e+02 2.000000000000000000e+01 1.000000000000000000e+00 1.000000000000000000e+00 -1.283713820051134391e+01 -1.283713820051134391e+01 2.000000000000000000e+01 2.000000000000000000e+01
1.000000000000000000e+02 6.000000000000000000e+01 1.000000000000000000e+00 1.000000000000000000e+00 -1.283713820051134391e+01 -1.050311307314564679e+01 2.000000000000000000e+01 2.000000000000000000e+01
1.000000000000000000e+02 1.000000000000000000e+02 1.000000000000000000e+00 1.000000000000000000e+00 -1.283713820051134391e+01 -8.169087945779946125e+00 2.000000000000000000e+01 2.000000000000000000e+01
1.000000000000000000e+02 1.400000000000000000e+02 1.000000000000000000e+00 1.000000000000000000e+00 -1.283713820051134391e+01 -5.835062818414248120e+00 2.000000000000000000e+01 2.000000000000000000e+01
1.000000000000000000e+02 1.800000000000000000e+02 1.000000000000000000e+00 1.000000000000000000e+00 -1.283713820051134391e+01 -3.501037691048549672e+00 2.000000000000000000e+01 2.000000000000000000e+01
1.000000000000000000e+02 2.200000000000000000e+02 1.000000000000000000e+00 1.000000000000000000e+00 -1.283713820051134391e+01 -1.167012563682849891e+00 2.000000000000000000e+01 2.000000000000000000e+01
1.000000000000000000e+02 2.600000000000000000e+02 1.000000000000000000e+00 1.000000000000000000e+00 -1.283713820051134391e+01 1.167012563682847670e+00 2.000000000000000000e+01 2.000000000000000000e+01
1.000000000000000000e+02 3.000000000000000000e+02 1.000000000000000000e+00 1.000000000000000000e+00 -1.283713820051134391e+01 3.501037691048547451e+00 2.000000000000000000e+01 2.000000000000000000e+01
1.000000000000000000e+02 3.400000000000000000e+02 1.000000000000000000e+00 1.000000000000000000e+00 -1.283713820051134391e+01 5.835062818414247232e+00 2.000000000000000000e+01 2.000000000000000000e+01
1.000000000000000000e+02 3.800000000000000000e+02 1.000000000000000000e+00 1.000000000000000000e+00 -1.283713820051134391e+01 8.169087945779946125e+00 2.000000000000000000e+01 2.000000000000000000e+01
1.000000000000000000e+02 4.200000000000000000e+02 1.000000000000000000e+00 1.000000000000000000e+00 -1.283713820051134391e+01 1.050311307314564147e+01 2.000000000000000000e+01 2.000000000000000000e+01
1.000000000000000000e+02 4.600000000000000000e+02 1.000000000000000000e+00 1.000000000000000000e+00 -1.283713820051134391e+01 1.283713820051134213e+01 2.000000000000000000e+01 2.000000000000000000e+01
1.400000000000000000e+02 2.000000000000000000e+01 1.000000000000000000e+00 1.000000000000000000e+00 -1.050311307314564679e+01 -1.283713820051134391e+01 2.000000000000000000e+01 2.000000000000000000e+01
1.400000000000000000e+02 6.000000000000000000e+01 1.000000000000000000e+00 1.000000000000000000e+00 -1.050311307314564679e+01 -1.050311307314564679e+01 2.000000000000000000e+01 2.000000000000000000e+01
1.400000000000000000e+02 1.000000000000000000e+02 1.000000000000000000e+00 1.000000000000000000e+00 -1.050311307314564679e+01 -8.169087945779946125e+00 2.000000000000000000e+01 2.000000000000000000e+01
1.400000000000000000e+02 1.400000000000000000e+02 1.000000000000000000e+00 1.000000000000000000e+00 -1.050311307314564679e+01 -5.835062818414248120e+00 2.000000000000000000e+01 2.000000000000000000e+01
1.400000000000000000e+02 1.800000000000000000e+02 1.000000000000000000e+00 1.000000000000000000e+00 -1.050311307314564679e+01 -3.501037691048549672e+00 2.000000000000000000e+01 2.000000000000000000e+01
1.400000000000000000e+02 2.200000000000000000e+02 1.000000000000000000e+00 1.000000000000000000e+00 -1.050311307314564679e+01 -1.167012563682849891e+00 2.000000000000000000e+01 2.000000000000000000e+01
1.400000000000000000e+02 2.600000000000000000e+02 1.000000000000000000e+00 1.000000000000000000e+00 -1.050311307314564679e+01 1.167012563682847670e+00 2.000000000000000000e+01 2.000000000000000000e+01
1.400000000000000000e+02 3.000000000000000000e+02 1.000000000000000000e+00 1.000000000000000000e+00 -1.050311307314564679e+01 3.501037691048547451e+00 2.000000000000000000e+01 2.000000000000000000e+01
1.400000000000000000e+02 3.400000000000000000e+02 1.000000000000000000e+00 1.000000000000000000e+00 -1.050311307314564679e+01 5.835062818414247232e+00 2.000000000000000000e+01 2.000000000000000000e+01
1.400000000000000000e+02 3.800000000000000000e+02 1.000000000000000000e+00 1.000000000000000000e+00 -1.050311307314564679e+01 8.169087945779946125e+00 2.000000000000000000e+01 2.000000000000000000e+01
1.400000000000000000e+02 4.200000000000000000e+02 1.000000000000000000e+00 1.000000000000000000e+00 -1.050311307314564679e+01 1.050311307314564147e+01 2.000000000000000000e+01 2.000000000000000000e+01
1.400000000000000000e+02 4.600000000000000000e+02 1.000000000000000000e+00 1.000000000000000000e+00 -1.050311307314564679e+01 1.283713820051134213e+01 2.000000000000000000e+01 2.000000000000000000e+01
1.800000000000000000e+02 2.000000000000000000e+01 1.000000000000000000e+00 1.000000000000000000e+00 -8.169087945779946125e+00 -1.283713820051134391e+01 2.000000000000000000e+01 2.000000000000000000e+01
1.800000000000000000e+02 6.000000000000000000e+01 1.000000000000000000e+00 1.000000000000000000e+00 -8.169087945779946125e+00 -1.050311307314564679e+01 2.000000000000000000e+01 2.000000000000000000e+01
1.800000000000000000e+02 1.000000000000000000e+02 1.000000000000000000e+00 1.000000000000000000e+00 -8.169087945779946125e+00 -8.169087945779946125e+00 2.000000000000000000e+01 2.000000000000000000e+01
1.800000000000000000e+02 1.400000000000000000e+02 1.000000000000000000e+00 1.000000000000000000e+00 -8.169087945779946125e+00 -5.835062818414248120e+00 2.000000000000000000e+01 2.000000000000000000e+01
1.800000000000000000e+02 1.800000000000000000e+02 1.000000000000000000e+00 1.000000000000000000e+00 -8.169087945779946125e+00 -3.501037691048549672e+00 2.000000000000000000e+01 2.000000000000000000e+01
1.800000000000000000e+02 2.200000000000000000e+02 1.000000000000000000e+00 1.000000000000000000e+00 -8.169087945779946125e+00 -1.167012563682849891e+00 2.000000000000000000e+01 2.000000000000000000e+01
1.800000000000000000e+02 2.600000000000000000e+02 1.000000000000000000e+00 1.000000000000000000e+00 -8.169087945779946125e+00 1.167012563682847670e+00 2.000000000000000000e+01 2.000000000000000000e+01
1.800000000000000000e+02 3.000000000000000000e+02 1.000000000000000000e+00 1.000000000000000000e+00 -8.169087945779946125e+00 3.501037691048547451e+00 2.000000000000000000e+01 2.000000000000000000e+01
1.800000000000000000e+02 3.400000000000000000e+02 1.000000000000000000e+00 1.000000000000000000e+00 -8.169087945779946125e+00 5.835062818414247232e+00 2.000000000000000000e+01 2.000000000000000000e+01
1.800000000000000000e+02 3.800000000000000000e+02 1.000000000000000000e+00 1.000000000000000000e+00 -8.169087945779946125e+00 8.169087945779946125e+00 2.000000000000000000e+01 2.000000000000000000e+01
1.800000000000000000e+02 4.200000000000000000e+02 1.000000000000000000e+00 1.000000000000000000e+00 -8.169087945779946125e+00 1.050311307314564147e+01 2.000000000000000000e+01 2.000000000000000000e+01
1.800000000000000000e+02 4.600000000000000000e+02 1.000000000000000000e+00 1.000000000000000000e+00 -8.169087945779946125e+00 1.283713820051134213e+01 2.000000000000000000e+01 2.000000000000000000e+01
2.200000000000000000e+02 2.000000000000000000e+01 1.000000000000000000e+00 1.000000000000000000e+00 -5.835062818414247232e+00 -1.283713820051134391e+01 2.000000000000000000e+01 2.000000000000000000e+01
2.200000000000000000e+02 6.000000000000000000e+01 1.000000000000000000e+00 1.000000000000000000e+00 -5.835062818414247232e+00 -1.050311307314564679e+01 2.000000000000000000e+01 2.000000000000000000e+01
2.200000000000000000e+02 1.000000000000000000e+02 1.000000000000000000e+00 1.000000000000000000e+00 -5.835062818414247232e+00 -8.169087945779946125e+00 2.000000000000000000e+01 2.000000000000000000e+01
2.200000000000000000e+02 1.400000000000000000e+02 1.000000000000000000e+00 1.000000000000000000e+00 -5.835062818414247232e+00 -5.835062818414248120e+00 2.000000000000000000e+01 2.000000000000000000e+01
2.200000000000000000e+02 1.800000000000000000e+02 1.000000000000000000e+00 1.000000000000000000e+00 -5.835062818414247232e+00 -3.501037691048549672e+00 2.000000000000000000e+01 2.000000000000000000e+01
2.200000000000000000e+02 2.200000000000000000e+02 1.000000000000000000e+00 1.000000000000000000e+00 -5.835062818414247232e+00 -1.167012563682849891e+00 2.000000000000000000e+01 2.000000000000000000e+01
2.200000000000000000e+02 2.600000000000000000e+02 1.000000000000000000e+00 1.000000000000000000e+00 -5.835062818414247232e+00 1.167012563682847670e+00 2.000000000000000000e+01 2.000000000000000000e+01
2.200000000000000000e+02 3.000000000000000000e+02 1.000000000000000000e+00 1.000000000000000000e+00 -5.835062818414247232e+00 3.501037691048547451e+00 2.000000000000000000e+01 2.000000000000000000e+01
2.200000000000000000e+02 3.400000000000000000e+02 1.000000000000000000e+00 1.000000000000000000e+00 -5.835062818414247232e+00 5.835062818414247232e+00 2.000000000000000000e+01 2.000000000000000000e+01
2.200000000000000000e+02 3.800000000000000000e+02 1.000000000000000000e+00 1.000000000000000000e+00 -5.835062818414247232e+00 8.169087945779946125e+00 2.000000000000000000e+01 2.000000000000000000e+01
2.200000000000000000e+02 4.200000000000000000e+02 1.000000000000000000e+00 1.000000000000000000e+00 -5.835062818414247232e+00 1.050311307314564147e+01 2.000000000000000000e+01 2.000000000000000000e+01
2.200000000000000000e+02 4.600000000000000000e+02 1.000000000000000000e+00 1.000000000000000000e+00 -5.835062818414247232e+00 1.283713820051134213e+01 2.000000000000000000e+01 2.000000000000000000e+01
2.600000000000000000e+02 2.000000000000000000e+01 1.000000000000000000e+00 1.000000000000000000e+00 -3.501037691048549672e+00 -1.283713820051134391e+01 2.000000000000000000e+01 2.000000000000000000e+01
2.600000000000000000e+02 6.000000000000000000e+01 1.000000000000000000e+00 1.000000000000000000e+00 -3.501037691048549672e+00 -1.050311307314564679e+01 2.000000000000000000e+01 2.000000000000000000e+01
2.600000000000000000e+02 1.000000000000000000e+02 1.000000000000000000e+00 1.000000000000000000e+00 -3.501037691048549672e+00 -8.169087945779946125e+00 2.000000000000000000e+01 2.000000000000000000e+01
2.600000000000000000e+02 1.400000000000000000e+02 1.000000000000000000e+00 1.000000000000000000e+00 -3.501037691048549672e+00 -5.835062818414248120e+00 2.000000000000000000e+01 2.000000000000000000e+01
2.600000000000000000e+02 1.800000000000000000e+02 1.000000000000000000e+00 1.000000000000000000e+00 -3.501037691048549672e+00 -3.501037691048549672e+00 2.000000000000000000e+01 2.000000000000000000e+01
2.600000000000000000e+02 2.200000000000000000e+02 1.000000000000000000e+00 1.000000000000000000e+00 -3.501037691048549672e+00 -1.167012563682849891e+00 2.000000000000000000e+01 2.000000000000000000e+01
2.600000000000000000e+02 2.600000000000000000e+02 1.000000000000000000e+00 1.000000000000000000e+00 -3.501037691048549672e+00 1.167012563682847670e+00 2.000000000000000000e+01 2.000000000000000000e+01
2.600000000000000000e+02 3.000000000000000000e+02 1.000000000000000000e+00 1.000000000000000000e+00 -3.501037691048549672e+00 3.501037691048547451e+00 2.000000000000000000e+01 2.000000000000000000e+01
2.600000000000000000e+02 3.400000000000000000e+02 1.000000000000000000e+00 1.000000000000000000e+00 -3.501037691048549672e+00 5.835062818414247232e+00 2.000000000000000000e+01 2.000000000000000000e+01
2.600000000000000000e+02 3.800000000000000000e+02 1.000000000000000000e+00 1.000000000000000000e+00 -3.501037691048549672e+00 8.169087945779946125e+00 2.000000000000000000e+01 2.000000000000000000e+01
2.600000000000000000e+02 4.200000000000000000e+02 1.000000000000000000e+00 1.000000000000000000e+00 -3.501037691048549672e+00 1.050311307314564147e+01 2.000000000000000000e+01 2.000000000000000000e+01
2.600000000000000000e+02 4.600000000000000000e+02 1.000000000000000000e+00 1.000000000000000000e+00 -3.501037691048549672e+00 1.283713820051134213e+01 2.000000000000000000e+01 2.000000000000000000e+01
3.000000000000000000e+02 2.000000000000000000e+01 1.000000000000000000e+00 1.000000000000000000e+00 -1.167012563682849891e+00 -1.283713820051134391e+01 2.000000000000000000e+01 2.000000000000000000e+01
3.000000000000000000e+02 6.000000000000000000e+01 1.000000000000000000e+00 1.000000000000000000e+00 -1.167012563682849891e+00 -1.050311307314564679e+01 2.000000000000000000e+01 2.000000000000000000e+01
3.000000000000000000e+02 1.000000000000000000e+02 1.000000000000000000e+00 1.000000000000000000e+00 -1.167012563682849891e+00 -8.169087945779946125e+00 2.000000000000000000e+01 2.000000000000000000e+01
3.000000000000000000e+02 1.400000000000000000e+02 1.000000000000000000e+00 1.000000000000000000e+00 -1.167012563682849891e+00 -5.835062818414248120e+00 2.000000000000000000e+01 2.000000000000000000e+01
3.000000000000000000e+02 1.800000000000000000e+02 1.000000000000000000e+00 1.000000000000000000e+00 -1.167012563682849891e+00 -3.501037691048549672e+00 2.000000000000000000e+01 2.000000000000000000e+01
3.000000000000000000e+02 2.200000000000000000e+02 1.000000000000000000e+00 1.000000000000000000e+00 -1.167012563682849891e+00 -1.167012563682849891e+00 2.000000000000000000e+01 2.000000000000000000e+01
3.000000000000000000e+02 2.600000000000000000e+02 1.000000000000000000e+00 1.000000000000000000e+00 -1.167012563682849891e+00 1.167012563682847670e+00 2.000000000000000000e+01 2.000000000000000000e+01
3.000000000000000000e+02 3.000000000000000000e+02 1.000000000000000000e+00 1.000000000000000000e+00 -1.167012563682849891e+00 3.501037691048547451e+00 2.000000000000000000e+01 2.000000000000000000e+01
3.000000000000000000e+02 3.400000000000000000e+02 1.000000000000000000e+00 1.000000000000000000e+00 -1.167012563682849891e+00 5.835062818414247232e+00 2.000000000000000000e+01 2.000000000000000000e+01
3.000000000000000000e+02 3.800000000000000000e+02 1.000000000000000000e+00 1.000000000000000000e+00 -1.167012563682849891e+00 8.169087945779946125e+00 2.000000000000000000e+01 2.000000000000000000e+01
3.000000000000000000e+02 4.200000000000000000e+02 1.000000000000000000e+00 1.000000000000000000e+00 -1.167012563682849891e+00 1.050311307314564147e+01 2.000000000000000000e+01 2.000000000000000000e+01
3.000000000000000000e+02 4.600000000000000000e+02 1.000000000000000000e+00 1.000000000000000000e+00 -1.167012563682849891e+00 1.283713820051134213e+01 2.000000000000000000e+01 2.000000000000000000e+01
3.400000000000000000e+02 2.000000000000000000e+01 1.000000000000000000e+00 1.000000000000000000e+00 1.167012563682849891e+00 -1.283713820051134391e+01 2.000000000000000000e+01 2.000000000000000000e+01
3.400000000000000000e+02 6.000000000000000000e+01 1.000000000000000000e+00 1.000000000000000000e+00 1.167012563682849891e+00 -1.050311307314564679e+01 2.000000000000000000e+01 2.000000000000000000e+01
3.400000000000000000e+02 1.000000000000000000e+02 1.000000000000000000e+00 1.000000000000000000e+00 1.167012563682849891e+00 -8.169087945779946125e+00 2.000000000000000000e+01 2.000000000000000000e+01
3.400000000000000000e+02 1.400000000000000000e+02 1.000000000000000000e+00 1.000000000000000000e+00 1.167012563682849891e+00 -5.835062818414248120e+00 2.000000000000000000e+01 2.000000000000000000e+01
3.400000000000000000e+02 1.800000000000000000e+02 1.000000000000000000e+00 1.000000000000000000e+00 1.167012563682849891e+00 -3.501037691048549672e+00 2.000000000000000000e+01 2.000000000000000000e+01
3.400000000000000000e+02 2.200000000000000000e+02 1.000000000000000000e+00 1.000000000000000000e+00 1.167012563682849891e+00 -1.167012563682849891e+00 2.000000000000000000e+01 2.000000000000000000e+01
3.400000000000000000e+02 2.600000000000000000e+02 1.000000000000000000e+00 1.000000000000000000e+00 1.167012563682849891e+00 1.167012563682847670e+00 2.000000000000000000e+01 2.000000000000000000e+01
3.400000000000000000e+02 3.000000000000000000e+02 1.000000000000000000e+00 1.000000000000000000e+00 1.167012563682849891e+00 3.501037691048547451e+00 2.000000000000000000e+01 2.000000000000000000e+01
3.400000000000000000e+02 3.400000000000000000e+02 1.000000000000000000e+00 1.000000000000000000e+00 1.167012563682849891e+00 5.835062818414247232e+00 2.000000000000000000e+01 2.000000000000000000e+01
3.400000000000000000e+02 3.800000000000000000e+02 1.000000000000000000e+00 1.000000000000000000e+00 1.167012563682849891e+00 8.169087945779946125e+00 2.000000000000000000e+01 2.000000000000000000e+01
3.400000000000000000e+02 4.200000000000000000e+02 1.000000000000000000e+00 1.000000000000000000e+00 1.167012563682849891e+00 1.050311307314564147e+01 2.000000000000000000e+01 2.000000000000000000e+01
3.400000000000000000e+02 4.600000000000000000e+02 1.000000000000000000e+00 1.000000000000000000e+00 1.167012563682849891e+00 1.283713820051134213e+01 2.000000000000000000e+01 2.000000000000000000e+01
3.800000000000000000e+02 2.000000000000000000e+01 1.000000000000000000e+00 1.000000000000000000e+00 3.501037691048549672e+00 -1.283713820051134391e+01 2.000000000000000000e+01 2.000000000000000000e+01
3.800000000000000000e+02 6.000000000000000000e+01 1.000000000000000000e+00 1.000000000000000000e+00 3.501037691048549672e+00 -1.050311307314564679e+01 2.000000000000000000e+01 2.000000000000000000e+01
3.800000000000000000e+02 1.000000000000000000e+02 1.000000000000000000e+00 1.000000000000000000e+00 3.501037691048549672e+00 -8.169087945779946125e+00 2.000000000000000000e+01 2.000000000000000000e+01
3.800000000000000000e+02 1.400000000000000000e+02 1.000000000000000000e+00 1.000000000000000000e+00 3.501037691048549672e+00 -5.835062818414248120e+00 2.000000000000000000e+01 2.000000000000000000e+01
3.800000000000000000e+02 1.800000000000000000e+02 1.000000000000000000e+00 1.000000000000000000e+00 3.501037691048549672e+00 -3.501037691048549672e+00 2.000000000000000000e+01 2.000000000000000000e+01
3.800000000000000000e+02 2.200000000000000000e+02 1.000000000000000000e+00 1.000000000000000000e+00 3.501037691048549672e+00 -1.167012563682849891e+00 2.000000000000000000e+01 2.000000000000000000e+01
3.800000000000000000e+02 2.600000000000000000e+02 1.000000000000000000e+00 1.000000000000000000e+00 3.501037691048549672e+00 1.167012563682847670e+00 2.000000000000000000e+01 2.000000000000000000e+01
3.800000000000000000e+02 3.000000000000000000e+02 1.000000000000000000e+00 1.000000000000000000e+00 3.501037691048549672e+00 3.501037691048547451e+00 2.000000000000000000e+01 2.000000000000000000e+01
3.800000000000000000e+02 3.400000000000000000e+02 1.000000000000000000e+00 1.000000000000000000e+00 3.501037691048549672e+00 5.835062818414247232e+00 2.000000000000000000e+01 2.000000000000000000e+01
3.800000000000000000e+02 3.800000000000000000e+02 1.000000000000000000e+00 1.000000000000000000e+00 3.501037691048549672e+00 8.169087945779946125e+00 2.000000000000000000e+01 2.000000000000000000e+01
3.800000000000000000e+02 4.200000000000000000e+02 1.000000000000000000e+00 1.000000000000000000e+00 3.501037691048549672e+00 1.050311307314564147e+01 2.000000000000000000e+01 2.000000000000000000e+01
3.800000000000000000e+02 4.600000000000000000e+02 1.000000000000000000e+00 1.000000000000000000e+00 3.501037691048549672e+00 1.283713820051134213e+01 2.000000000000000000e+01 2.000000000000000000e+01
4.200000000000000000e+02 2.000000000000000000e+01 1.000000000000000000e+00 1.000000000000000000e+00 5.835062818414245456e+00 -1.283713820051134391e+01 2.000000000000000000e+01 2.000000000000000000e+01
4.200000000000000000e+02 6.000000000000000000e+01 1.000000000000000000e+00 1.000000000000000000e+00 5.835062818414245456e+00 -1.050311307314564679e+01 2.000000000000000000e+01 2.000000000000000000e+01
4.200000000000000000e+02 1.000000000000000000e+02 1.000000000000000000e+00 1.000000000000000000e+00 5.835062818414245456e+00 -8.169087945779946125e+00 2.000000000000000000e+01 2.000000000000000000e+01
4.200000000000000000e+02 1.400000000000000000e+02 1.000000000000000000e+00 1.000000000000000000e+00 5.835062818414245456e+00 -5.835062818414248120e+00 2.000000000000000000e+01 2.000000000000000000e+01
4.200000000000000000e+02 1.800000000000000000e+02 1.000000000000000000e+00 1.000000000000000000e+00 5.835062818414245456e+00 -3.501037691048549672e+00 2.000000000000000000e+01 2.000000000000000000e+01
4.200000000000000000e+02 2.200000000000000000e+02 1.000000000000000000e+00 1.000000000000000000e+00 5.835062818414245456e+00 -1.167012563682849891e+00 2.000000000000000000e+01 2.000000000000000000e+01
4.200000000000000000e+02 2.600000000000000000e+02 1.000000000000000000e+00 1.000000000000000000e+00 5.835062818414245456e+00 1.167012563682847670e+00 2.000000000000000000e+01 2.000000000000000000e+01
4.200000000000000000e+02 3.000000000000000000e+02 1.000000000000000000e+00 1.000000000000000000e+00 5.835062818414245456e+00 3.501037691048547451e+00 2.000000000000000000e+01 2.000000000000000000e+01
4.200000000000000000e+02 3.400000000000000000e+02 1.000000000000000000e+00 1.000000000000000000e+00 5.835062818414245456e+00 5.835062818414247232e+00 2.000000000000000000e+01 2.000000000000000000e+01
4.200000000000000000e+02 3.800000000000000000e+02 1.000000000000000000e+00 1.000000000000000000e+00 5.835062818414245456e+00 8.169087945779946125e+00 2.000000000000000000e+01 2.000000000000000000e+01
4.200000000000000000e+02 4.200000000000000000e+02 1.000000000000000000e+00 1.000000000000000000e+00 5.835062818414245456e+00 1.050311307314564147e+01 2.000000000000000000e+01 2.000000000000000000e+01
4.200000000000000000e+02 4.600000000000000000e+02 1.000000000000000000e+00 1.000000000000000000e+00 5.835062818414245456e+00 1.283713820051134213e+01 2.000000000000000000e+01 2.000000000000000000e+01
4.600000000000000000e+02 2.000000000000000000e+01 1.000000000000000000e+00 1.000000000000000000e+00 8.169087945779944349e+00 -1.283713820051134391e+01 2.000000000000000000e+01 2.000000000000000000e+01
4.600000000000000000e+02 6.000000000000000000e+01 1.000000000000000000e+00 1.000000000000000000e+00 8.169087945779944349e+00 -1.050311307314564679e+01 2.000000000000000000e+01 2.000000000000000000e+01
4.600000000000000000e+02 1.000000000000000000e+02 1.000000000000000000e+00 1.000000000000000000e+00 8.169087945779944349e+00 -8.169087945779946125e+00 2.000000000000000000e+01 2.000000000000000000e+01
4.600000000000000000e+02 1.400000000000000000e+02 1.000000000000000000e+00 1.000000000000000000e+00 8.169087945779944349e+00 -5.835062818414248120e+00 2.000000000000000000e+01 2.000000000000000000e+01
4.600000000000000000e+02 1.800000000000000000e+02 1.000000000000000000e+00 1.000000000000000000e+00 8.169087945779944349e+00 -3.501037691048549672e+00 2.000000000000000000e+01 2.000000000000000000e+01
4.600000000000000000e+02 2.200000000000000000e+02 1.000000000000000000e+00 1.000000000000000000e+00 8.169087945779944349e+00 -1.167012563682849891e+00 2.000000000000000000e+01 2.000000000000000000e+01
4.600000000000000000e+02 2.600000000000000000e+02 1.000000000000000000e+00 1.000000000000000000e+00 8.169087945779944349e+00 1.167012563682847670e+00 2.000000000000000000e+01 2.000000000000000000e+01
4.600000000000000000e+02 3.000000000000000000e+02 1.000000000000000000e+00 1.000000000000000000e+00 8.169087945779944349e+00 3.501037691048547451e+00 2.000000000000000000e+01 2.000000000000000000e+01
4.600000000000000000e+02 3.400000000000000000e+02 1.000000000000000000e+00 1.000000000000000000e+00 8.169087945779944349e+00 5.835062818414247232e+00 2.000000000000000000e+01 2.000000000000000000e+01
4.600000000000000000e+02 3.800000000000000000e+02 1.000000000000000000e+00 1.000000000000000000e+00 8.169087945779944349e+00 8.169087945779946125e+00 2.000000000000000000e+01 2.000000000000000000e+01
4.600000000000000000e+02 4.200000000000000000e+02 1.000000000000000000e+00 1.000000000000000000e+00 8.169087945779944349e+00 1.050311307314564147e+01 2.000000000000000000e+01 2.000000000000000000e+01
4.600000000000000000e+02 4.600000000000000000e+02 1.000000000000000000e+00 1.000000000000000000e+00 8.169087945779944349e+00 1.283713820051134213e+01 2.000000000000000000e+01 2.000000000000000000e+01
5.000000000000000000e+02 2.000000000000000000e+01 1.000000000000000000e+00 1.000000000000000000e+00 1.050311307314564502e+01 -1.283713820051134391e+01 2.000000000000000000e+01 2.000000000000000000e+01
5.000000000000000000e+02 6.000000000000000000e+01 1.000000000000000000e+00 1.000000000000000000e+00 1.050311307314564502e+01 -1.050311307314564679e+01 2.000000000000000000e+01 2.000000000000000000e+01
5.000000000000000000e+02 1.000000000000000000e+02 1.000000000000000000e+00 1.000000000000000000e+00 1.050311307314564502e+01 -8.169087945779946125e+00 2.000000000000000000e+01 2.000000000000000000e+01
5.000000000000000000e+02 1.400000000000000000e+02 1.000000000000000000e+00 1.000000000000000000e+00 1.050311307314564502e+01 -5.835062818414248120e+00 2.000000000000000000e+01 2.000000000000000000e+01
5.000000000000000000e+02 1.800000000000000000e+02 1.000000000000000000e+00 1.000000000000000000e+00 1.050311307314564502e+01 -3.501037691048549672e+00 2.000000000000000000e+01 2.000000000000000000e+01
5.000000000000000000e+02 2.200000000000000000e+02 1.000000000000000000e+00 1.000000000000000000e+00 1.050311307314564502e+01 -1.167012563682849891e+00 2.000000000000000000e+01 2.000000000000000000e+01
5.000000000000000000e+02 2.600000000000000000e+02 1.000000000000000000e+00 1.000000000000000000e+00 1.050311307314564502e+01 1.167012563682847670e+00 2.000000000000000000e+01 2.000000000000000000e+01
5.000000000000000000e+02 3.000000000000000000e+02 1.000000000000000000e+00 1.000000000000000000e+00 1.050311307314564502e+01 3.501037691048547451e+00 2.000000000000000000e+01 2.000000000000000000e+01
5.000000000000000000e+02 3.400000000000000000e+02 1.000000000000000000e+00 1.000000000000000000e+00 1.050311307314564502e+01 5.835062818414247232e+00 2.000000000000000000e+01 2.000000000000000000e+01
5.000000000000000000e+02 3.800000000000000000e+02 1.000000000000000000e+00 1.000000000000000000e+00 1.050311307314564502e+01 8.169087945779946125e+00 2.000000000000000000e+01 2.000000000000000000e+01
5.000000000000000000e+02 4.200000000000000000e+02 1.000000000000000000e+00 1.000000000000000000e+00 1.050311307314564502e+01 1.050311307314564147e+01 2.000000000000000000e+01 2.000000000000000000e+01
5.000000000000000000e+02 4.600000000000000000e+02 1.000000000000000000e+00 1.000000000000000000e+00 1.050311307314564502e+01 1.283713820051134213e+01 2.000000000000000000e+01 2.000000000000000000e+01
5.400000000000000000e+02 2.000000000000000000e+01 1.000000000000000000e+00 1.000000000000000000e+00 1.283713820051134391e+01 -1.283713820051134391e+01 2.000000000000000000e+01 2.000000000000000000e+01
5.400000000000000000e+02 6.000000000000000000e+01 1.000000000000000000e+00 1.000000000000000000e+00 1.283713820051134391e+01 -1.050311307314564679e+01 2.000000000000000000e+01 2.000000000000000000e+01
5.400000000000000000e+02 1.000000000000000000e+02 1.000000000000000000e+00 1.000000000000000000e+00 1.283713820051134391e+01 -8.169087945779946125e+00 2.000000000000000000e+01 2.000000000000000000e+01
5.400000000000000000e+02 1.400000000000000000e+02 1.000000000000000000e+00 1.000000000000000000e+00 1.283713820051134391e+01 -5.835062818414248120e+00 2.000000000000000000e+01 2.000000000000000000e+01
5.400000000000000000e+02 1.800000000000000000e+02 1.000000000000000000e+00 1.000000000000000000e+00 1.283713820051134391e+01 -3.501037691048549672e+00 2.000000000000000000e+01 2.000000000000000000e+01
5.400000000000000000e+02 2.200000000000000000e+02 1.000000000000000000e+00 1.000000000000000000e+00 1.283713820051134391e+01 -1.167012563682849891e+00 2.000000000000000000e+01 2.000000000000000000e+01
5.400000000000000000e+02 2.600000000000000000e+02 1.000000000000000000e+00 1.000000000000000000e+00 1.283713820051134391e+01 1.167012563682847670e+00 2.000000000000000000e+01 2.000000000000000000e+01
5.400000000000000000e+02 3.000000000000000000e+02 1.000000000000000000e+00 1.000000000000000000e+00 1.283713820051134391e+01 3.501037691048547451e+00 2.000000000000000000e+01 2.000000000000000000e+01
5.400000000000000000e+02 3.400000000000000000e+02 1.000000000000000000e+00 1.000000000000000000e+00 1.283713820051134391e+01 5.835062818414247232e+00 2.000000000000000000e+01 2.000000000000000000e+01
5.400000000000000000e+02 3.800000000000000000e+02 1.000000000000000000e+00 1.000000000000000000e+00 1.283713820051134391e+01 8.169087945779946125e+00 2.000000000000000000e+01 2.000000000000000000e+01
5.400000000000000000e+02 4.200000000000000000e+02 1.000000000000000000e+00 1.000000000000000000e+00 1.283713820051134391e+01 1.050311307314564147e+01 2.000000000000000000e+01 2.000000000000000000e+01
5.400000000000000000e+02 4.600000000000000000e+02 1.000000000000000000e+00 1.000000000000000000e+00 1.283713820051134391e+01 1.283713820051134213e+01 2.000000000000000000e+01 2.000000000000000000e+01
5.800000000000000000e+02 2.000000000000000000e+01 1.000000000000000000e+00 1.000000000000000000e+00 1.517116332787704458e+01 -1.283713820051134391e+01 2.000000000000000000e+01 2.000000000000000000e+01
5.800000000000000000e+02 6.000000000000000000e+01 1.000000000000000000e+00 1.000000000000000000e+00 1.517116332787704458e+01 -1.050311307314564679e+01 2.000000000000000000e+01 2.000000000000000000e+01
5.800000000000000000e+02 1.000000000000000000e+02 1.000000000000000000e+00 1.000000000000000000e+00 1.517116332787704458e+01 -8.169087945779946125e+00 2.000000000000000000e+01 2.000000000000000000e+01
5.800000000000000000e+02 1.400000000000000000e+02 1.000000000000000000e+00 1.000000000000000000e+00 1.517116332787704458e+01 -5.835062818414248120e+00 2.000000000000000000e+01 2.000000000000000000e+01
5.800000000000000000e+02 1.800000000000000000e+02 1.000000000000000000e+00 1.000000000000000000e+00 1.517116332787704458e+01 -3.501037691048549672e+00 2.000000000000000000e+01 2.000000000000000000e+01
5.800000000000000000e+02 2.200000000000000000e+02 1.000000000000000000e+00 1.000000000000000000e+00 1.517116332787704458e+01 -1.167012563682849891e+00 2.000000000000000000e+01 2.000000000000000000e+01
5.800000000000000000e+02 2.600000000000000000e+02 1.000000000000000000e+00 1.000000000000000000e+00 1.517116332787704458e+01 1.167012563682847670e+00 2.000000000000000000e+01 2.000000000000000000e+01
5.800000000000000000e+02 3.000000000000000000e+02 1.000000000000000000e+00 1.000000000000000000e+00 1.517116332787704458e+01 3.501037691048547451e+00 2.000000000000000000e+01 2.000000000000000000e+01
5.800000000000000000e+02 3.400000000000000000e+02 1.000000000000000000e+00 1.000000000000000000e+00 1.517116332787704458e+01 5.835062818414247232e+00 2.000000000000000000e+01 2.000000000000000000e+01
5.800000000000000000e+02 3.800000000000000000e+02 1.000000000000000000e+00 1.000000000000000000e+00 1.517116332787704458e+01 8.169087945779946125e+00 2.000000000000000000e+01 2.000000000000000000e+01
5.800000000000000000e+02 4.200000000000000000e+02 1.000000000000000000e+00 1.000000000000000000e+00 1.517116332787704458e+01 1.050311307314564147e+01 2.000000000000000000e+01 2.000000000000000000e+01
5.800000000000000000e+02 4.600000000000000000e+02 1.000000000000000000e+00 1.000000000000000000e+00 1.517116332787704458e+01 1.283713820051134213e+01 2.000000000000000000e+01 2.000000000000000000e+01
6.200000000000000000e+02 2.000000000000000000e+01 1.000000000000000000e+00 1.000000000000000000e+00 1.750518845524273814e+01 -1.283713820051134391e+01 2.000000000000000000e+01 2.000000000000000000e+01
6.200000000000000000e+02 6.000000000000000000e+01 1.000000000000000000e+00 1.000000000000000000e+00 1.750518845524273814e+01 -1.050311307314564679e+01 2.000000000000000000e+01 2.000000000000000000e+01
6.200000000000000000e+02 1.000000000000000000e+02 1.000000000000000000e+00 1.000000000000000000e+00 1.750518845524273814e+01 -8.169087945779946125e+00 2.000000000000000000e+01 2.000000000000000000e+01
6.200000000000000000e+02 1.400000000000000000e+02 1.000000000000000000e+00 1.000000000000000000e+00 1.750518845524273814e+01 -5.835062818414248120e+00 2.000000000000000000e+01 2.000000000000000000e+01
6.200000000000000000e+02 1.800000000000000000e+02 1.000000000000000000e+00 1.000000000000000000e+00 1.750518845524273814e+01 -3.501037691048549672e+00 2.000000000000000000e+01 2.000000000000000000e+01
6.200000000000000000e+02 2.200000000000000000e+02 1.000000000000000000e+00 1.000000000000000000e+00 1.750518845524273814e+01 -1.167012563682849891e+00 2.000000000000000000e+01 2.000000000000000000e+01
6.200000000000000000e+02 2.600000000000000000e+02 1.000000000000000000e+00 1.000000000000000000e+00 1.750518845524273814e+01 1.167012563682847670e+00 2.000000000000000000e+01 2.000000000000000000e+01
6.200000000000000000e+02 3.000000000000000000e+02 1.000000000000000000e+00 1.000000000000000000e+00 1.750518845524273814e+01 3.501037691048547451e+00 2.000000000000000000e+01 2.000000000000000000e+01
6.200000000000000000e+02 3.400000000000000000e+02 1.000000000000000000e+00 1.000000000000000000e+00 1.750518845524273814e+01 5.835062818414247232e+00 2.000000000000000000e+01 2.000000000000000000e+01
6.200000000000000000e+02 3.800000000000000000e+02 1.000000000000000000e+00 1.000000000000000000e+00 1.750518845524273814e+01 8.169087945779946125e+00 2.000000000000000000e+01 2.000000000000000000e+01
6.200000000000000000e+02 4.200000000000000000e+02 1.000000000000000000e+00 1.000000000000000000e+00 1.750518845524273814e+01 1.050311307314564147e+01 2.000000000000000000e+01 2.000000000000000000e+01
6.200000000000000000e+02 4.600000000000000000e+02 1.000000000000000000e+00 1.000000000000000000e+00 1.750518845524273814e+01 1.283713820051134213e+01 2.000000000000000000e+01 2.000000000000000000e+01
